dt	Mode	dhsl	pCa
0.000839295436393185	-2	5	9
0.000839295436393185	-2	0.0013275506867142	9
0.000839295436393185	-2	0.00126365786408567	9
0.000839295436393185	-2	0.00119976504145747	9
0.000839295436393185	-2	0.00113587221882819	9
0.000839295436393185	-2	0.00107197939620037	9
0.000839295436393185	-2	0.00100808657357079	9
0.000839295436393185	-2	0.000944193750943163	9
0.000839295436393185	-2	0.000880300928313751	9
0.000839295436393185	-2	0.00081640810568588	9
0.000839295436393185	-2	0.00075251528305672	9
0.000839295436393185	-2	0.00068862246042842	9
0.000839295436393185	-2	0.00062472963779966	9
0.000839295436393185	-2	0.00056083681517124	9
0.000839295436393185	-2	0.00049694399254243	9
0.000839295436393185	-2	0.000433051169913961	9
0.000839295436393185	-2	0.000369158347285219	9
0.000839295436393185	-2	0.000477116579127961	9
0.000839295436393185	-2	0.00063529511694475	9
0.000839295436393185	-2	-0.00045829976091978	9
0.000839295436393185	-2	-0.00104051954896459	9
0.000839295436393185	-2	-0.00108766537869318	9
0.000839295436393185	-2	-0.00045129335458597	9
0.000839295436393185	-2	0.00036320239865537	9
0.000839295436393185	-2	0.00038281250776726	9
0.000839295436393185	-2	0.00010153634826785	9
0.000839295436393185	-2	0.00059222451682061	9
0.000839295436393185	-2	0.00026672045252681	9
0.000839295436393185	-2	-1.06655661682806e-05	9
0.000839295436393185	-2	-6.49861133997197e-05	9
0.000839295436393185	-2	9.76384485128204e-05	9
0.000839295436393185	-2	0.0003135119498047	9
0.000839295436393185	-2	0.00082904609756509	9
0.000839295436393185	-2	0.00078208631726859	9
0.000839295436393185	-2	0.000224671394789969	9
0.000839295436393185	-2	9.49769630555312e-05	9
0.000839295436393185	-2	0.00021496728048725	9
0.000839295436393185	-2	-0.000329054503811571	9
0.000839295436393185	-2	-0.00032377439538131	9
0.000839295436393185	-2	0.00042581590587794	9
0.000839295436393185	-2	0.00097639619920826	9
0.000839295436393185	-2	0.000872619171555981	9
0.000839295436393185	-2	0.0004808208031134	9
0.000839295436393185	-2	0.0004838380179843	9
0.000839295436393185	-2	-0.000216910308227	9
0.000839295436393185	-2	-0.000118570580770701	9
0.000839295436393185	-2	0.000113651719230201	9
0.000839295436393185	-2	0.000456068019283499	9
0.000839295436393185	-2	-0.0002774415453351	9
0.000839295436393185	-2	-0.0006447310249083	9
0.000839295436393185	-2	-0.0002041638794637	9
0.000839295436393185	-2	-0.00046239113477177	9
0.000839295436393185	-2	-0.00094100597496645	9
0.000839295436393185	-2	-7.71039299269898e-05	9
0.000839295436393185	-2	0.00117216932423335	9
0.000839295436393185	-2	0.000163177241996061	9
0.000839295436393185	-2	-0.00044900218748083	9
0.000839295436393185	-2	-0.00018289204943794	9
0.000839295436393185	-2	0.000142607077981621	9
0.000839295436393185	-2	-0.000282622902204821	9
0.000839295436393185	-2	-0.00043727455996082	9
0.000839295436393185	-2	-6.71491962397908e-06	9
0.000839295436393185	-2	-0.00072560144857982	9
0.000839295436393185	-2	-0.00044813976516093	9
0.000839295436393185	-2	-0.00050464238618809	9
0.000839295436393185	-2	-0.00068899471236445	9
0.000839295436393185	-2	-0.000922556351518671	9
0.000839295436393185	-2	-1.52492304841901e-05	9
0.000839295436393185	-2	0.000534076227638291	9
0.000839295436393185	-2	0.00022877517592532	9
0.000839295436393185	-2	-0.00021659381693511	9
0.000839295436393185	-2	-0.00015240021436704	9
0.000839295436393185	-2	-0.00050260097988054	9
0.000839295436393185	-2	-0.00079387444349093	9
0.000839295436393185	-2	-0.00077071873672803	9
0.000839295436393185	-2	-6.64184156901199e-05	9
0.000839295436393185	-2	-0.00015873466390522	9
0.000839295436393185	-2	-0.00082938794531882	9
0.000839295436393185	-2	-0.00037201446235502	9
0.000839295436393185	-2	-0.00028446439853308	9
0.000839295436393185	-2	-0.00017735237683772	9
0.000839295436393185	-2	-0.00032974457186302	9
0.000839295436393185	-2	-0.00010958727122425	9
0.000839295436393185	-2	-0.00023531091833071	9
0.000839295436393185	-2	0.00021536012618736	9
0.000839295436393185	-2	0.00053747361349728	9
0.000839295436393185	-2	0.00054003137181292	9
0.000839295436393185	-2	0.00015435529047276	9
0.000839295436393185	-2	-0.00015449569405097	9
0.000839295436393185	-2	0.0001175595912601	9
0.000839295436393185	-2	3.341598124088e-05	9
0.000839295436393185	-2	0.00028865461191555	9
0.000839295436393185	-2	7.76220589282298e-05	9
0.000839295436393185	-2	8.67243249762103e-05	9
0.000839295436393185	-2	-7.50624743561502e-05	9
0.000839295436393185	-2	0.00046599367010101	9
0.000839295436393185	-2	0.0007785686272084	9
0.000839295436393185	-2	0.00043022799709872	9
0.000839295436393185	-2	0.00065943197028826	9
0.000839295436393185	-2	0.00031393017307947	9
0.000839295436393185	-2	0.00021146241292868	9
0.000839295436393185	-2	-0.00071926666123698	9
0.000839295436393185	-2	-0.00016908993186697	9
0.000839295436393185	-2	-0.00027163449683217	9
0.000839295436393185	-2	3.92189690502894e-05	9
0.000839295436393185	-2	0.00041882394069309	9
0.000839295436393185	-2	0.00107747836559966	9
0.000839295436393185	-2	0.00121001432563452	9
0.000839295436393185	-2	0.00074853754361065	9
0.000839295436393185	-2	0.00036413477468911	9
0.000839295436393185	-2	0.00022318614513874	9
0.000839295436393185	-2	0.000100250674310159	9
0.000839295436393185	-2	0.00010976879548146	9
0.000839295436393185	-2	0.00055798244133538	9
0.000839295436393185	-2	4.54268192566915e-05	9
0.000839295436393185	-2	-5.667943009449e-05	9
0.000839295436393185	-2	0.000548005458285669	9
0.000839295436393185	-2	0.000560857028747501	9
0.000839295436393185	-2	-0.000850740591589211	9
0.000839295436393185	-2	-0.0005808741326482	6.5
0.000839295436393185	-2	-0.000201858179720869	6.5
0.000839295436393185	-2	-0.0003038807907509	6.5
0.000839295436393185	-2	-0.000100191076420239	6.5
0.000839295436393185	-2	0.000521312662326419	6.5
0.000839295436393185	-2	0.000591075896544981	6.5
0.000839295436393185	-2	-0.00046614159335155	6.5
0.000839295436393185	-2	-8.79592402657902e-05	6.5
0.000839295436393185	-2	-0.00014911345953238	6.5
0.000839295436393185	-2	-0.000539070394985089	6.5
0.000839295436393185	-2	-0.00120540175087021	6.5
0.000839295436393185	-2	-0.00135308462176704	6.5
0.000839295436393185	-2	-0.00073878277620384	6.5
0.000839295436393185	-2	-0.00137029014937997	6.5
0.000839295436393185	-2	-0.00076259062188936	6.5
0.000839295436393185	-2	-0.00014955241204899	6.5
0.000839295436393185	-2	0.00040036554488066	6.5
0.000839295436393185	-2	-7.09983887864402e-05	6.5
0.000839295436393185	-2	0.00042011668039807	6.5
0.000839295436393185	-2	-0.0005229485904474	6.5
0.000839295436393185	-2	-0.00072130135367711	6.5
0.000839295436393185	-2	-0.00042999877200925	6.5
0.000839295436393185	-2	-0.00034265053943062	6.5
0.000839295436393185	-2	-6.32592630447799e-05	6.5
0.000839295436393185	-2	-0.00038373358845786	6.5
0.000839295436393185	-2	-0.00031295186265034	6.5
0.000839295436393185	-2	-1.54142938021801e-05	6.5
0.000839295436393185	-2	-0.000191009368602858	6.5
0.000839295436393185	-2	-0.000313153521472532	6.5
0.000839295436393185	-2	0.000457397410793484	6.5
0.000839295436393185	-2	0.000160587888388866	6.5
0.000839295436393185	-2	-0.000169112001771055	6.5
0.000839295436393185	-2	0.000620953613310835	6.5
0.000839295436393185	-2	0.00085268746185688	6.5
0.000839295436393185	-2	0.00056167577222189	6.5
0.000839295436393185	-2	0.00036514322362723	6.5
0.000839295436393185	-2	0.00034104464073593	6.5
0.000839295436393185	-2	-0.00027281404030888	6.5
0.000839295436393185	-2	-0.00014256139342088	6.5
0.000839295436393185	-2	0.00057137676183152	6.5
0.000839295436393185	-2	0.00020507833425672	6.5
0.000839295436393185	-2	-0.00053250037244501	6.5
0.000839295436393185	-2	-0.00037742158885403	6.5
0.000839295436393185	-2	-0.00020680834801146	6.5
0.000839295436393185	-2	-9.933814078106e-05	6.5
0.000839295436393185	-2	0.00033140845331912	6.5
0.000839295436393185	-2	0.00055503068667252	6.5
0.000839295436393185	-2	0.00116230357040363	6.5
0.000839295436393185	-2	0.00063441631109904	6.5
0.000839295436393185	-2	0.00058996885791102	6.5
0.000839295436393185	-2	0.00041670806253443	6.5
0.000839295436393185	-2	-0.000719919613002089	6.5
0.000839295436393185	-2	-0.00092461921897817	6.5
0.000839295436393185	-2	3.66230986282804e-05	6.5
0.000839295436393185	-2	-2.72310665629799e-05	6.5
0.000839295436393185	-2	-0.00033860804872722	6.5
0.000839295436393185	-2	0.00041403909611159	6.5
0.000839295436393185	-2	0.00109248594963575	6.5
0.000839295436393185	-2	0.00090299630435276	6.5
0.000839295436393185	-2	0.00061337008531922	6.5
0.000839295436393185	-2	0.00099491249684967	6.5
0.000839295436393185	-2	0.00075008485431065	6.5
0.000839295436393185	-2	0.000232946398352521	6.5
0.000839295436393185	-2	8.14825151486103e-05	6.5
0.000839295436393185	-2	0.00042449591307865	6.5
0.000839295436393185	-2	4.28134955943009e-05	6.5
0.000839295436393185	-2	-6.58283061472e-05	6.5
0.000839295436393185	-2	0.000653776951473799	6.5
0.000839295436393185	-2	0.0004107497690352	6.5
0.000839295436393185	-2	-0.000158523659154201	6.5
0.000839295436393185	-2	0.000628484837881801	6.5
0.000839295436393185	-2	0.0010650256122389	6.5
0.000839295436393185	-2	0.000291198660992299	6.5
0.000839295436393185	-2	-0.000870793611865999	6.5
0.000839295436393185	-2	-0.0003419406323934	6.5
0.000839295436393185	-2	-0.000239047977325799	6.5
0.000839295436393185	-2	-0.000493973762184002	6.5
0.000839295436393185	-2	-0.000152361834832099	6.5
0.000839295436393185	-2	6.83545993667e-05	6.5
0.000839295436393185	-2	0.0001655502563538	6.5
0.000839295436393185	-2	-0.0008106382316989	6.5
0.000839295436393185	-2	-0.00135204181879938	6.5
0.000839295436393185	-2	-0.00144424922353984	6.5
0.000839295436393185	-2	-0.00166545026314667	6.5
0.000839295436393185	-2	-0.00153246134929613	6.5
0.000839295436393185	-2	-0.00048521812945567	6.5
0.000839295436393185	-2	-0.00016860215250267	6.5
0.000839295436393185	-2	-0.00015587248729532	6.5
0.000839295436393185	-2	0.00052253433637737	6.5
0.000839295436393185	-2	0.000417617928814251	6.5
0.000839295436393185	-2	0.00049359663847546	6.5
0.000839295436393185	-2	-0.00019397895301765	6.5
0.000839295436393185	-2	-6.44527268882202e-05	6.5
0.000839295436393185	-2	-0.00067362195445952	6.5
0.000839295436393185	-2	-0.00050820149250652	6.5
0.000839295436393185	-2	-0.00014481388541185	6.5
0.000839295436393185	-2	0.00047344745647376	6.5
0.000839295436393185	-2	0.00088669168415866	6.5
0.000839295436393185	-2	0.00085966084778574	6.5
0.000839295436393185	-2	0.00086944847021404	6.5
0.000839295436393185	-2	0.0001687468595714	6.5
0.000839295436393185	-2	4.33703841607605e-05	6.5
0.000839295436393185	-2	-0.00042567178292974	6.5
0.000839295436393185	-2	-0.00076946774404816	6.5
0.000839295436393185	-2	-0.00114686311433472	6.5
0.000839295436393185	-2	-0.00085869339988755	6.5
0.000839295436393185	-2	-0.00112561253785188	6.5
0.000839295436393185	-2	-0.00108723438921756	6.5
0.000839295436393185	-2	-0.000287767698758221	6.5
0.000839295436393185	-2	-0.00023035125632177	6.5
0.000839295436393185	-2	-0.000409953053239319	6.5
0.000839295436393185	-2	-0.000465899925790616	6.5
0.000839295436393185	-2	-0.00028711259700723	6.5
0.000839295436393185	-2	-0.000217021987853161	6.5
0.000839295436393185	-2	-0.000973099926023643	6.5
0.000839295436393185	-2	0.00018690051687888	6.5
0.000839295436393185	-2	0.00100137951712064	6.5
0.000839295436393185	-2	0.000843392555667228	6.5
0.000839295436393185	-2	0.000693164305587832	6.5
0.000839295436393185	-2	0.00128602819161146	6.5
0.000839295436393185	-2	0.00088376386084436	6.5
0.000839295436393185	-2	0.00018407839827089	6.5
0.000839295436393185	-2	0.00011359170260322	6.5
0.000839295436393185	-2	0.00067490540101777	6.5
0.000839295436393185	-2	2.33683688679901e-05	6.5
0.000839295436393185	-2	-6.60902243933004e-05	6.5
0.000839295436393185	-2	0.00036357209066148	6.5
0.000839295436393185	-2	0.00106049487417091	6.5
0.000839295436393185	-2	0.0007208904143152	6.5
0.000839295436393185	-2	0.00050495197359738	6.5
0.000839295436393185	-2	0.00033014849474072	6.5
0.000839295436393185	-2	-0.000754918476476751	6.5
0.000839295436393185	-2	-0.00110488202922817	6.5
0.000839295436393185	-2	-0.00035347646780209	6.5
0.000839295436393185	-2	-0.00014379131553544	6.5
0.000839295436393185	-2	-0.00079738953315915	6.5
0.000839295436393185	-2	-0.00034914591066101	6.5
0.000839295436393185	-2	0.00082403607451225	6.5
0.000839295436393185	-2	0.00054284218452135	6.5
0.000839295436393185	-2	-0.00013414663373909	6.5
0.000839295436393185	-2	0.00068165504062638	6.5
0.000839295436393185	-2	0.00126805023846847	6.5
0.000839295436393185	-2	-0.00031964566948345	6.5
0.000839295436393185	-2	-0.00060983855582452	6.5
0.000839295436393185	-2	-0.00019080371594442	6.5
0.000839295436393185	-2	0.000103333180486959	6.5
0.000839295436393185	-2	-0.00031356595984256	6.5
0.000839295436393185	-2	-6.99359474044198e-05	6.5
0.000839295436393185	-2	0.00060932258032791	6.5
0.000839295436393185	-2	1.33125682509902e-05	6.5
0.000839295436393185	-2	0.00032080208389775	6.5
0.000839295436393185	-2	0.00044890990347191	6.5
0.000839295436393185	-2	0.00026260665689093	6.5
0.000839295436393185	-2	-0.000831573238815181	6.5
0.000839295436393185	-2	-0.00035146745555333	6.5
0.000839295436393185	-2	-0.00014649362609269	6.5
0.000839295436393185	-2	-0.000199079722364459	6.5
0.000839295436393185	-2	-0.000497079590957131	6.5
0.000839295436393185	-2	-0.0002098471753428	6.5
0.000839295436393185	-2	-0.00058386639923797	6.5
0.000839295436393185	-2	-0.00061479452661384	6.5
0.000839295436393185	-2	-0.00040112854003068	6.5
0.000839295436393185	-2	-0.00032904767030493	6.5
0.000839295436393185	-2	-0.00059604923260482	6.5
0.000839295436393185	-2	-0.00081564538693089	6.5
0.000839295436393185	-2	-0.00024839167517527	6.5
0.000839295436393185	-2	0.00012066688385344	6.5
0.000839295436393185	-2	0.00046422440063029	6.5
0.000839295436393185	-2	0.00020449642703296	6.5
0.000839295436393185	-2	0.00058141360668104	6.5
0.000839295436393185	-2	-4.09391442442999e-06	6.5
0.000839295436393185	-2	-0.00025002909174799	6.5
0.000839295436393185	-2	-0.00027145008012258	6.5
0.000839295436393185	-2	0.00023158428553539	6.5
0.000839295436393185	-2	0.00042696027544503	6.5
0.000839295436393185	-2	0.00042217406556965	6.5
0.000839295436393185	-2	0.00089591965576365	6.5
0.000839295436393185	-2	0.000947790746259059	6.5
0.000839295436393185	-2	0.00127167361916001	6.5
0.000839295436393185	-2	0.00056473660611886	6.5
0.000839295436393185	-2	0.0005603997855164	6.5
0.000839295436393185	-2	0.000458945967148141	6.5
0.000839295436393185	-2	0.00108948414358331	6.5
0.000839295436393185	-2	0.00082966648636903	6.5
0.000839295436393185	-2	0.00018051928491488	6.5
0.000839295436393185	-2	0.00028581469522483	6.5
0.000839295436393185	-2	0.000333986370831299	6.5
0.000839295436393185	-2	-7.0701528871002e-06	6.5
0.000839295436393185	-2	0.0001319488977713	6.5
0.000839295436393185	-2	0.000617536750902301	6.5
0.000839295436393185	-2	4.81806661365002e-05	6.5
0.000839295436393185	-2	-0.0001654441751359	6.5
0.000839295436393185	-2	-8.95675282247006e-05	6.5
0.000839295436393185	-2	0.0002300923888739	6.5
0.000839295436393185	-2	-0.0005354385269517	6.5
0.000839295436393185	-2	-0.000956478026326949	6.5
0.000839295436393185	-2	-0.00105491000612289	6.5
0.000839295436393185	-2	-0.00137151448012376	6.5
0.000839295436393185	-2	-0.00105921088571769	6.5
0.000839295436393185	-2	-0.00039234589700522	6.5
0.000839295436393185	-2	-0.00053525398356531	6.5
0.000839295436393185	-2	-0.000758891865015619	6.5
0.000839295436393185	-2	-0.00048540207816512	6.5
0.000839295436393185	-2	6.72000780661992e-06	6.5
0.000839295436393185	-2	0.0005793676892738	6.5
0.000839295436393185	-2	0.00046561070870579	6.5
0.000839295436393185	-2	0.000960973273793369	6.5
0.000839295436393185	-2	0.000714508524335891	6.5
0.000839295436393185	-2	-0.000142757696631831	6.5
0.000839295436393185	-2	-0.00030478600166038	6.5
0.000839295436393185	-2	0.00038551662698692	6.5
0.000839295436393185	-2	-0.00019553406489388	6.5
0.000839295436393185	-2	-0.00058086007504834	6.5
0.000839295436393185	-2	-1.65663061995596e-05	6.5
0.000839295436393185	-2	-9.8543455332e-05	6.5
0.000839295436393185	-2	-9.08693006854205e-05	6.5
0.000839295436393185	-2	-0.00063398763699283	6.5
0.000839295436393185	-2	-0.00062570453315624	6.5
0.000839295436393185	-2	-0.000253250389893349	6.5
0.000839295436393185	-2	-0.00057015268092244	6.5
0.000839295436393185	-2	9.55384788420498e-05	6.5
0.000839295436393185	-2	-6.19155113180899e-05	6.5
0.000839295436393185	-2	-0.00040448323934526	6.5
0.000839295436393185	-2	-0.00099879303837181	6.5
0.000839295436393185	-2	-0.00077184865458974	6.5
0.000839295436393185	-2	-0.000967066988252169	6.5
0.000839295436393185	-2	-0.00129977330464694	6.5
0.000839295436393185	-2	-0.000994618592725275	6.5
0.000839295436393185	-2	-0.00033144401781533	6.5
0.000839295436393185	-2	-0.00039855413076062	6.5
0.000839295436393185	-2	-0.00041383983007235	6.5
0.000839295436393185	-2	0.00059569791576439	6.5
0.000839295436393185	-2	-9.18680588525198e-05	6.5
0.000839295436393185	-2	-5.57064717578602e-05	6.5
0.000839295436393185	-2	0.00092416389349225	6.5
0.000839295436393185	-2	0.000857953329709658	6.5
0.000839295436393185	-2	0.000682067183417398	6.5
0.000839295436393185	-2	0.000701280094075405	6.5
0.000839295436393185	-2	0.000670272695207349	6.5
0.000839295436393185	-2	-5.513011016053e-05	6.5
0.000839295436393185	-2	-0.00021425263714723	6.5
0.000839295436393185	-2	0.00045987706937681	6.5
0.000839295436393185	-2	0.00090825971256541	6.5
0.000839295436393185	-2	0.00020864251116373	6.5
0.000839295436393185	-2	0.00016642794674031	6.5
0.000839295436393185	-2	0.00018866685870917	6.5
0.000839295436393185	-2	-0.00049169995683061	6.5
0.000839295436393185	-2	-0.00074901492844431	6.5
0.000839295436393185	-2	0.00024351748830035	6.5
0.000839295436393185	-2	0.00061100160317395	6.5
0.000839295436393185	-2	0.00033761247507274	6.5
0.000839295436393185	-2	0.00033644732700068	6.5
0.000839295436393185	-2	0.0007184319213048	6.5
0.000839295436393185	-2	-0.00011697529477217	6.5
0.000839295436393185	-2	-0.00127705174724073	6.5
0.000839295436393185	-2	-0.00066516956826558	6.5
0.000839295436393185	-2	-0.00055798660759278	6.5
0.000839295436393185	-2	-0.000833723847514837	6.5
0.000839295436393185	-2	-0.000555124913058285	6.5
0.000839295436393185	-2	0.000364160511181274	6.5
0.000839295436393185	-2	0.000100582204946703	6.5
0.000839295436393185	-2	-0.000189912372619801	6.5
0.000839295436393185	-2	-0.000401571306924926	6.5
0.000839295436393185	-2	-0.000320203536275977	6.5
0.000839295436393185	-2	-0.00101311952377376	6.5
0.000839295436393185	-2	-0.00096394083841783	6.5
0.000839295436393185	-2	0.00034325737382282	6.5
0.000839295436393185	-2	0.00070993042324038	6.5
0.000839295436393185	-2	-0.000171561982808	6.5
0.000839295436393185	-2	0.000700495127547698	6.5
0.000839295436393185	-2	0.00132432549936933	6.5
0.000839295436393185	-2	0.000404475761898478	6.5
0.000839295436393185	-2	0.00033003966182245	6.5
0.000839295436393185	-2	0.00117246806318689	6.5
0.000839295436393185	-2	0.00108662529223795	6.5
0.000839295436393185	-2	2.01227347123101e-05	6.5
0.000839295436393185	-2	0.00022883028030959	6.5
0.000839295436393185	-2	0.00022049197004361	6.5
0.000839295436393185	-2	-2.92276539342997e-05	6.5
0.000839295436393185	-2	-1.263149776727e-05	6.5
0.000839295436393185	-2	0.00100052783417374	6.5
0.000839295436393185	-2	0.00122033466248374	6.5
0.000839295436393185	-2	0.00042738272831556	6.5
0.000839295436393185	-2	0.000386648110714	6.5
0.000839295436393185	-2	0.000503309637744359	6.5
0.000839295436393185	-2	0.000303170999834	6.5
0.000839295436393185	-2	-0.00068779442205195	6.5
0.000839295436393185	-2	-0.00016954371611916	6.5
0.000839295436393185	-2	-0.00039327376545806	6.5
0.000839295436393185	-2	-0.00016976484445336	6.5
0.000839295436393185	-2	0.00050629155906662	6.5
0.000839295436393185	-2	0.0008141974119121	6.5
0.000839295436393185	-2	0.00100824091376906	6.5
0.000839295436393185	-2	0.00030492369928253	6.5
0.000839295436393185	-2	0.00035202955897917	6.5
0.000839295436393185	-2	-0.000574158829475209	6.5
0.000839295436393185	-2	-0.00018638073052352	6.5
0.000839295436393185	-2	-0.00021028236978261	6.5
0.000839295436393185	-2	-7.66925120084805e-05	6.5
0.000839295436393185	-2	0.000151982272596189	6.5
0.000839295436393185	-2	0.00079219590623918	6.5
0.000839295436393185	-2	0.000931516616453892	6.5
0.000839295436393185	-2	0.000494843208025599	6.5
0.000839295436393185	-2	-4.76133337760989e-05	6.5
0.000839295436393185	-2	-0.0005413746414642	6.5
0.000839295436393185	-2	-0.00055545708411619	6.5
0.000839295436393185	-2	-0.00136033684080639	6.5
0.000839295436393185	-2	-0.00105388317498157	6.5
0.000839295436393185	-2	-0.00138569377418518	6.5
0.000839295436393185	-2	-0.00187235167985925	6.5
0.000839295436393185	-2	-0.00140086694584021	6.5
0.000839295436393185	-2	-0.00026956118557876	6.5
0.000839295436393185	-2	-0.00103949308025951	6.5
0.000839295436393185	-2	-0.0013229389731284	6.5
0.000839295436393185	-2	-0.000297524320571888	6.5
0.000839295436393185	-2	-0.000573147649949496	6.5
0.000839295436393185	-2	-0.00115329609726796	6.5
0.000839295436393185	-2	-0.00099413590154354	6.5
0.000839295436393185	-2	-0.00026441476685919	6.5
0.000839295436393185	-2	-4.86621398140198e-05	6.5
0.000839295436393185	-2	-0.00014542081833038	6.5
0.000839295436393185	-2	0.00044563175913705	6.5
0.000839295436393185	-2	0.0013397076665414	6.5
0.000839295436393185	-2	0.00110103684107441	6.5
0.000839295436393185	-2	0.00113363058819279	6.5
0.000839295436393185	-2	0.00184382829584707	6.5
0.000839295436393185	-2	0.00079818400748034	6.5
0.000839295436393185	-2	5.01921063566016e-06	6.5
0.000839295436393185	-2	-0.00022776462274575	6.5
0.000839295436393185	-2	0.00094828120694786	6.5
0.000839295436393185	-2	0.00076764338074978	6.5
0.000839295436393185	-2	0.00131205063182822	6.5
0.000839295436393185	-2	0.00180581274180237	6.5
0.000839295436393185	-2	0.00138031159244858	6.5
0.000839295436393185	-2	0.000249790446834959	6.5
0.000839295436393185	-2	-2.08783403854301e-05	6.5
0.000839295436393185	-2	0.000643334769189541	6.5
0.000839295436393185	-2	-0.00019677003582297	6.5
0.000839295436393185	-2	-0.00033755372873205	6.5
0.000839295436393185	-2	0.00019414784126962	6.5
0.000839295436393185	-2	0.000296590839635409	6.5
0.000839295436393185	-2	-0.000727114989370829	6.5
0.000839295436393185	-2	-0.000293394817019571	6.5
0.000839295436393185	-2	0.000206717936003291	6.5
0.000839295436393185	-2	-0.000444451188171291	6.5
0.000839295436393185	-2	-0.000806333945907199	6.5
0.000839295436393185	-2	0.00027892819898688	6.5
0.000839295436393185	-2	0.00085111954155416	6.5
0.000839295436393185	-2	-0.000408361187512921	6.5
0.000839295436393185	-2	-0.000244445747339759	6.5
0.000839295436393185	-2	0.00030607692566537	6.5
0.000839295436393185	-2	0.00023097022353109	6.5
0.000839295436393185	-2	-0.00022518101533653	6.5
0.000839295436393185	-2	-0.000363045439130339	6.5
0.000839295436393185	-2	-0.000181690242523281	6.5
0.000839295436393185	-2	-0.000124174024555839	6.5
0.000839295436393185	-2	0.00029045867174678	6.5
0.000839295436393185	-2	0.000187060548315009	6.5
0.000839295436393185	-2	-0.000166338678341598	6.5
0.000839295436393185	-2	-0.00130355968664049	6.5
0.000839295436393185	-2	-0.00048250194075717	6.5
0.000839295436393185	-2	-0.00028684672715045	6.5
0.000839295436393185	-2	-0.00048336935977091	6.5
0.000839295436393185	-2	-0.00065132244526199	6.5
0.000839295436393185	-2	-0.000625477669180531	6.5
0.000839295436393185	-2	-0.00110600762600533	6.5
0.000839295436393185	-2	-0.00093064977452309	6.5
0.000839295436393185	-2	-0.00065747117965384	6.5
0.000839295436393185	-2	-0.00065063599453535	6.5
0.000839295436393185	-2	-0.000881085157906103	6.5
0.000839295436393185	-2	-0.000686984873198024	6.5
0.000839295436393185	-2	-1.5560070585692e-05	6.5
0.000839295436393185	-2	-0.000113798171622992	6.5
0.000839295436393185	-2	0.000455129126434944	6.5
0.000839295436393185	-2	0.000588330969819345	6.5
0.000839295436393185	-2	0.000866563829594642	6.5
0.000839295436393185	-2	0.00034336921531378	6.5
0.000839295436393185	-2	0.00073616421305046	6.5
0.000839295436393185	-2	0.00031579729681707	6.5
0.000839295436393185	-2	0.00018037704452388	6.5
0.000839295436393185	-2	0.00011603468475007	6.5
0.000839295436393185	-2	0.00022707405854374	6.5
0.000839295436393185	-2	0.00033429795691804	6.5
0.000839295436393185	-2	0.00011019697343714	6.5
0.000839295436393185	-2	0.00070561020432916	6.5
0.000839295436393185	-2	0.0003454488463293	6.5
0.000839295436393185	-2	0.00020831514678457	6.5
0.000839295436393185	-2	0.000271109594143899	6.5
0.000839295436393185	-2	0.000883554355101551	6.5
0.000839295436393185	-2	0.00039008394648396	6.5
0.000839295436393185	-2	-0.00022194442097412	6.5
0.000839295436393185	-2	0.0003702504007061	6.5
0.000839295436393185	-2	0.00036502139578617	6.5
0.000839295436393185	-2	0.00015536304620752	6.5
0.000839295436393185	-2	0.00015881847464746	6.5
0.000839295436393185	-2	0.00024957639128575	6.5
0.000839295436393185	-2	-0.0001487326797923	6.5
0.000839295436393185	-2	-0.00024840791794905	6.5
0.000839295436393185	-2	0.000254871116804871	6.5
0.000839295436393185	-2	0.000173045821421029	6.5
0.000839295436393185	-2	-0.000459124577840289	6.5
0.000839295436393185	-2	0.000267485002985689	6.5
0.000839295436393185	-2	0.000597500775685321	6.5
0.000839295436393185	-2	0.00053534235467043	6.5
0.000839295436393185	-2	0.00073454439047012	6.5
0.000839295436393185	-2	0.00150065772374518	6.5
0.000839295436393185	-2	0.001023798989196	6.5
0.000839295436393185	-2	5.79079341332008e-05	6.5
0.000839295436393185	-2	-0.000304134070346801	6.5
0.000839295436393185	-2	-0.000461246898919099	6.5
0.000839295436393185	-2	-0.000832182919915301	6.5
0.000839295436393185	-2	-0.00138297396464303	6.5
0.000839295436393185	-2	-0.000126981976481149	6.5
0.000839295436393185	-2	8.33657057200694e-05	6.5
0.000839295436393185	-2	-0.00011428313594857	6.5
0.000839295436393185	-2	-0.000149598993903301	6.5
0.000839295436393185	-2	-5.37191388268882e-06	6.5
0.000839295436393185	-2	-0.00012791674881661	6.5
0.000839295436393185	-2	-0.00054005994445663	6.5
0.000839295436393185	-2	-0.000185317532599871	6.5
0.000839295436393185	-2	-0.000348184508058559	6.5
0.000839295436393185	-2	-0.000282190459465361	6.5
0.000839295436393185	-2	-0.00048504768941362	6.5
0.000839295436393185	-2	-0.00019268493950752	6.5
0.000839295436393185	-2	-0.000419557736853321	6.5
0.000839295436393185	-2	-0.000255614332788629	6.5
0.000839295436393185	-2	3.26109892309695e-05	6.5
0.000839295436393185	-2	0.000163340070877011	6.5
0.000839295436393185	-2	-0.0006691518558458	6.5
0.000839295436393185	-2	-0.00049488236873397	6.5
0.000839295436393185	-2	-0.00015359887547589	6.5
0.000839295436393185	-2	-0.00028470237487441	6.5
0.000839295436393185	-2	-0.00031658551471456	6.5
0.000839295436393185	-2	-6.79148340077002e-05	6.5
0.000839295436393185	-2	-0.000153682253405939	6.5
0.000839295436393185	-2	-0.00043888825279423	6.5
0.000839295436393185	-2	0.00019833040126535	6.5
0.000839295436393185	-2	0.00085601996459062	6.5
0.000839295436393185	-2	0.00014709534063309	6.5
0.000839295436393185	-2	-0.00021182487028511	6.5
0.000839295436393185	-2	0.00032684230910082	6.5
0.000839295436393185	-2	-0.00010157716984903	6.5
0.000839295436393185	-2	-0.00024510251700119	6.5
0.000839295436393185	-2	-8.84039636118899e-05	6.5
0.000839295436393185	-2	0.00056312439118084	6.5
0.000839295436393185	-2	0.00014165658013569	6.5
0.000839295436393185	-2	9.7505765178597e-06	6.5
0.000839295436393185	-2	0.00058207435962239	6.5
0.000839295436393185	-2	0.00055738725768498	6.5
0.000839295436393185	-2	1.33794641289505e-05	6.5
0.000839295436393185	-2	0.00021272581992956	6.5
0.000839295436393185	-2	0.00013930526620819	6.5
0.000839295436393185	-2	-0.00054726353370096	6.5
0.000839295436393185	-2	-0.00068036545024596	6.5
0.000839295436393185	-2	-2.22655879801295e-05	6.5
0.000839295436393185	-2	5.16054458416793e-05	6.5
0.000839295436393185	-2	0.000116676063186921	6.5
0.000839295436393185	-2	0.000682318172275449	6.5
0.000839295436393185	-2	0.00108158336775814	6.5
0.000839295436393185	-2	-0.00012375069198568	6.5
0.000839295436393185	-2	-0.00082573699132244	6.5
0.000839295436393185	-2	-0.0007065922587599	6.5
0.000839295436393185	-2	-0.00037767123001231	6.5
0.000839295436393185	-2	-0.00085223261140871	6.5
0.000839295436393185	-2	-0.00062694690477976	6.5
0.000839295436393185	-2	-1.75865888569502e-05	6.5
0.000839295436393185	-2	-0.00047378299502186	6.5
0.000839295436393185	-2	-0.00036952953613038	6.5
0.000839295436393185	-2	0.00024959232792404	6.5
0.000839295436393185	-2	0.0009933679484065	6.5
0.000839295436393185	-2	0.00038413708556099	6.5
0.000839295436393185	-2	-0.00016977239227609	6.5
0.000839295436393185	-2	0.00033751628519747	6.5
0.000839295436393185	-2	0.00020840444685249	6.5
0.000839295436393185	-2	-0.00033258411907985	6.5
0.000839295436393185	-2	0.00039043801854362	6.5
0.000839295436393185	-2	0.00111586200355957	6.5
0.000839295436393185	-2	0.000364632339832039	6.5
0.000839295436393185	-2	0.00056374595878234	6.5
0.000839295436393185	-2	0.00098838456265822	6.5
0.000839295436393185	-2	0.000933303247676241	6.5
0.000839295436393185	-2	-5.36135854284497e-05	6.5
0.000839295436393185	-2	8.09640096359494e-05	6.5
0.000839295436393185	-2	8.33006220233405e-05	6.5
0.000839295436393185	-2	-0.000135423060294369	6.5
0.000839295436393185	-2	0.000197241248684119	6.5
0.000839295436393185	-2	0.000732862816495251	6.5
0.000839295436393185	-2	0.00121098717840722	6.5
0.000839295436393185	-2	0.0006436218820328	6.5
0.000839295436393185	-2	8.67896409136003e-05	6.5
0.000839295436393185	-2	-0.000407666189624799	6.5
0.000839295436393185	-2	-0.0002795347272436	6.5
0.000839295436393185	-2	-0.0009957606961861	6.5
0.000839295436393185	-2	-0.000670207604473051	6.5
0.000839295436393185	-2	-0.00088802468243717	6.5
0.000839295436393185	-2	-0.00021856785936457	6.5
0.000839295436393185	-2	-1.19062135805793e-05	6.5
0.000839295436393185	-2	0.00026301130112231	6.5
0.000839295436393185	-2	0.000480940005930691	6.5
0.000839295436393185	-2	3.89545454195783e-05	6.5
0.000839295436393185	-2	0.0006804760144131	6.5
0.000839295436393185	-2	0.00063046210353079	6.5
0.000839295436393185	-2	0.0014110982746819	6.5
0.000839295436393185	-2	0.000969284056498801	6.5
0.000839295436393185	-2	0.001298160741348	6.5
0.000839295436393185	-2	0.0012448392689754	6.5
0.000839295436393185	-2	0.0014034161816259	6.5
0.000839295436393185	-2	0.0012275901927124	6.5
0.000839295436393185	-2	0.000611040183280499	6.5
0.000839295436393185	-2	-0.000775218621971	6.5
0.000839295436393185	-2	-0.0028367557856912	6.5
0.000839295436393185	-2	-0.0045532700536383	6.5
0.000839295436393185	-2	-0.00667741995748323	6.5
0.000839295436393185	-2	-0.00762479973974876	6.5
0.000839295436393185	-2	-0.00890011494234471	6.5
0.000839295436393185	-2	-0.0100921566669289	6.5
0.000839295436393185	-2	-0.0117110382536739	6.5
0.000839295436393185	-2	-0.0134275202084947	6.5
0.000839295436393185	-2	-0.0152874279882901	6.5
0.000839295436393185	-2	-0.016600755356328	6.5
0.000839295436393185	-2	-0.0177140642569421	6.5
0.000839295436393185	-2	-0.0192333025773337	6.5
0.000839295436393185	-2	-0.019910513674575	6.5
0.000839295436393185	-2	-0.020128899661322	6.5
0.000839295436393185	-2	-0.020952281397662	6.5
0.000839295436393185	-2	-0.021722456659483	6.5
0.000839295436393185	-2	-0.021191568734217	6.5
0.000839295436393185	-2	-0.02103460741807	6.5
0.000839295436393185	-2	-0.019834252957848	6.5
0.000839295436393185	-2	-0.019725824338993	6.5
0.000839295436393185	-2	-0.018776019643611	6.5
0.000839295436393185	-2	-0.017267136837497	6.5
0.000839295436393185	-2	-0.015714082100117	6.5
0.000839295436393185	-2	-0.014060365717395	6.5
0.000839295436393185	-2	-0.013130720922275	6.5
0.000839295436393185	-2	-0.011133246007894	6.5
0.000839295436393185	-2	-0.010545149062805	6.5
0.000839295436393185	-2	-0.00958126120693603	6.5
0.000839295436393185	-2	-0.00837139869282499	6.5
0.000839295436393185	-2	-0.006998807572967	6.5
0.000839295436393185	-2	-0.00714860269414097	6.5
0.000839295436393185	-2	-0.006892283869746	6.5
0.000839295436393185	-2	-0.00671110487697302	6.5
0.000839295436393185	-2	-0.005795926450051	6.5
0.000839295436393185	-2	-0.00497776515035597	6.5
0.000839295436393185	-2	-0.00409624260228003	6.5
0.000839295436393185	-2	-0.00312399385953299	6.5
0.000839295436393185	-2	-0.00384180950199098	6.5
0.000839295436393185	-2	-0.003310479348207	6.5
0.000839295436393185	-2	-0.00275722333587902	6.5
0.000839295436393185	-2	-0.00196689727340899	6.5
0.000839295436393185	-2	-0.000934094073002989	6.5
0.000839295436393185	-2	-0.000894248694485011	6.5
0.000839295436393185	-2	5.18505511970524e-07	6.5
0.000839295436393185	-2	0.000841197423610995	6.5
0.000839295436393185	-2	0.00158628385634701	6.5
0.000839295436393185	-2	0.00209962778429201	6.5
0.000839295436393185	-2	0.00328328455693799	6.5
0.000839295436393185	-2	0.00432117269913401	6.5
0.000839295436393185	-2	0.00523481187340497	6.5
0.000839295436393185	-2	0.00611509221876	6.5
0.000839295436393185	-2	0.00707989565191802	6.5
0.000839295436393185	-2	0.010677004311274	6.5
0.000839295436393185	-2	0.010120920691013	6.5
0.000839295436393185	-2	0.010886672122901	6.5
0.000839295436393185	-2	0.010925071824177	6.5
0.000839295436393185	-2	0.011948778022657	6.5
0.000839295436393185	-2	0.018017200994235	6.5
0.000839295436393185	-2	0.014113212225867	6.5
0.000839295436393185	-2	0.022509440503818	6.5
0.000839295436393185	-2	0.019331345976213	6.5
0.000839295436393185	-2	0.020691412802018	6.5
0.000839295436393185	-2	0.030432638475335	6.5
0.000839295436393185	-2	0.025173349280202	6.5
0.000839295436393185	-2	0.027392873915601	6.5
0.000839295436393185	-2	0.038427913329779	6.5
0.000839295436393185	-2	0.030315206873332	6.5
0.000839295436393185	-2	0.0314834076297809	6.5
0.000839295436393185	-2	0.0430268139305503	6.5
0.000839295436393185	-2	0.0337538779785319	6.5
0.000839295436393185	-2	0.035416170577485	6.5
0.000839295436393185	-2	0.0361038646082162	6.5
0.000839295436393185	-2	0.0353495314310848	6.5
0.000839295436393185	-2	0.0357803444213939	6.5
0.000839295436393185	-2	0.048853226940993	6.5
0.000839295436393185	-2	0.036881802494315	6.5
0.000839295436393185	-2	0.036107974170738	6.5
0.000839295436393185	-2	0.047116327580237	6.5
0.000839295436393185	-2	0.034348079535799	6.5
0.000839295436393185	-2	0.033179404476983	6.5
0.000839295436393185	-2	0.042585867356584	6.5
0.000839295436393185	-2	0.030408646719647	6.5
0.000839295436393185	-2	0.029190154183356	6.5
0.000839295436393185	-2	0.027135884735464	6.5
0.000839295436393185	-2	0.024729712679804	6.5
0.000839295436393185	-2	0.0311288666057981	6.5
0.000839295436393185	-2	0.021839518632819	6.5
0.000839295436393185	-2	0.025518119202514	6.5
0.000839295436393185	-2	0.017789650880964	6.5
0.000839295436393185	-2	0.017425581714273	6.5
0.000839295436393185	-2	0.020272797283278	6.5
0.000839295436393185	-2	0.0133980093686961	6.5
0.000839295436393185	-2	0.0127438951896509	6.5
0.000839295436393185	-2	0.0116447936982971	6.5
0.000839295436393185	-2	0.00968395152053503	6.5
0.000839295436393185	-2	0.010156973462783	6.5
0.000839295436393185	-2	0.00606997553936395	6.5
0.000839295436393185	-2	0.005265386864721	6.5
0.000839295436393185	-2	0.00186777087280798	6.5
0.000839295436393185	-2	0.000883466152898027	6.5
0.000839295436393185	-2	-0.00023888552495599	6.5
0.000839295436393185	-2	-0.00268509957200003	6.5
0.000839295436393185	-2	-0.00514781052046098	6.5
0.000839295436393185	-2	-0.00642223914066797	6.5
0.000839295436393185	-2	-0.00726553509476002	6.5
0.000839295436393185	-2	-0.009265516868037	6.5
0.000839295436393185	-2	-0.012011589363767	6.5
0.000839295436393185	-2	-0.013930382561207	6.5
0.000839295436393185	-2	-0.015126992565921	6.5
0.000839295436393185	-2	-0.016910727141507	6.5
0.000839295436393185	-2	-0.019078279394277	6.5
0.000839295436393185	-2	-0.021338573113909	6.5
0.000839295436393185	-2	-0.022723986073901	6.5
0.000839295436393185	-2	-0.024342619979458	6.5
0.000839295436393185	-2	-0.026474034509626	6.5
0.000839295436393185	-2	-0.029043723550793	6.5
0.000839295436393185	-2	-0.030421573124397	6.5
0.000839295436393185	-2	-0.032042652672311	6.5
0.000839295436393185	-2	-0.034159780324674	6.5
0.000839295436393185	-2	-0.035401724386077	6.5
0.000839295436393185	-2	-0.036263966902414	6.5
0.000839295436393185	-2	-0.036382039724509	6.5
0.000839295436393185	-2	-0.03733000761412	6.5
0.000839295436393185	-2	-0.037753563561118	6.5
0.000839295436393185	-2	-0.037654609690724	6.5
0.000839295436393185	-2	-0.037879998603713	6.5
0.000839295436393185	-2	-0.037736515035255	6.5
0.000839295436393185	-2	-0.0368887373916265	6.5
0.000839295436393185	-2	-0.0357071586172753	6.5
0.000839295436393185	-2	-0.0350431599714302	6.5
0.000839295436393185	-2	-0.0338608761354271	6.5
0.000839295436393185	-2	-0.0318435247740774	6.5
0.000839295436393185	-2	-0.0301234780441535	6.5
0.000839295436393185	-2	-0.029229271321898	6.5
0.000839295436393185	-2	-0.027592143258978	6.5
0.000839295436393185	-2	-0.025137187573468	6.5
0.000839295436393185	-2	-0.023044626430301	6.5
0.000839295436393185	-2	-0.02200210662034	6.5
0.000839295436393185	-2	-0.020690794028342	6.5
0.000839295436393185	-2	-0.018521539454762	6.5
0.000839295436393185	-2	-0.01732876354343	6.5
0.000839295436393185	-2	-0.015472109269342	6.5
0.000839295436393185	-2	-0.013370705382072	6.5
0.000839295436393185	-2	-0.011595534351525	6.5
0.000839295436393185	-2	-0.010896250633692	6.5
0.000839295436393185	-2	-0.00968436927932803	6.5
0.000839295436393185	-2	-0.00978376044840196	6.5
0.000839295436393185	-2	-0.00945163568031404	6.5
0.000839295436393185	-2	-0.00883798769788396	6.5
0.000839295436393185	-2	-0.00735611201144204	6.5
0.000839295436393185	-2	-0.006800667063662	6.5
0.000839295436393185	-2	-0.00692299614698599	6.5
0.000839295436393185	-2	-0.00570007150102897	6.5
0.000839295436393185	-2	-0.00519567501199802	6.5
0.000839295436393185	-2	-0.004680222313867	6.5
0.000839295436393185	-2	-0.00514151669545199	6.5
0.000839295436393185	-2	-0.00398329673291198	6.5
0.000839295436393185	-2	-0.00343788788399602	6.5
0.000839295436393185	-2	-0.002777024881704	6.5
0.000839295436393185	-2	-0.002531983746623	6.5
0.000839295436393185	-2	-0.00203501163736602	6.5
0.000839295436393185	-2	-0.00113595720367299	6.5
0.000839295436393185	-2	-0.000274156057267994	6.5
0.000839295436393185	-2	-0.000126234541457992	6.5
0.000839295436393185	-2	0.000428224963287982	6.5
0.000839295436393185	-2	0.00168716772788802	6.5
0.000839295436393185	-2	0.00258737214714799	6.5
0.000839295436393185	-2	0.00398546573437203	6.5
0.000839295436393185	-2	0.00445244888004898	6.5
0.000839295436393185	-2	0.00539259142280002	6.5
0.000839295436393185	-2	0.00675472026099699	6.5
0.000839295436393185	-2	0.00756366457125801	6.5
0.000839295436393185	-2	0.010627455860017	6.5
0.000839295436393185	-2	0.00910160524224002	6.5
0.000839295436393185	-2	0.011153653434517	6.5
0.000839295436393185	-2	0.015144718932009	6.5
0.000839295436393185	-2	0.01216907910844	6.5
0.000839295436393185	-2	0.013629193186813	6.5
0.000839295436393185	-2	0.015105110797923	6.5
0.000839295436393185	-2	0.017123305886216	6.5
0.000839295436393185	-2	0.018808805833818	6.5
0.000839295436393185	-2	0.021216820036784	6.5
0.000839295436393185	-2	0.030459211519544	6.5
0.000839295436393185	-2	0.025055599986997	6.5
0.000839295436393185	-2	0.026390887722435	6.5
0.000839295436393185	-2	0.038004732718941	6.5
0.000839295436393185	-2	0.029502382925881	6.5
0.000839295436393185	-2	0.0310691741200531	6.5
0.000839295436393185	-2	0.0434930149493706	6.5
0.000839295436393185	-2	0.0341248816202786	6.5
0.000839295436393185	-2	0.0350774510919286	6.5
0.000839295436393185	-2	0.0474822028969266	6.5
0.000839295436393185	-2	0.0363410705719505	6.5
0.000839295436393185	-2	0.036130813864765	6.5
0.000839295436393185	-2	0.035406598038095	6.5
0.000839295436393185	-2	0.035650625027303	6.5
0.000839295436393185	-2	0.03537759902513	6.5
0.000839295436393185	-2	0.045792833865009	6.5
0.000839295436393185	-2	0.033544990034693	6.5
0.000839295436393185	-2	0.032484174566311	6.5
0.000839295436393185	-2	0.040828908588933	6.5
0.000839295436393185	-2	0.028286971016729	6.5
0.000839295436393185	-2	0.026791059677098	6.5
0.000839295436393185	-2	0.033316129520866	6.5
0.000839295436393185	-2	0.023527862388903	6.5
0.000839295436393185	-2	0.029039862443596	6.5
0.000839295436393185	-2	0.020380426438155	6.5
0.000839295436393185	-2	0.018690868108954	6.5
0.000839295436393185	-2	0.023547964503456	6.5
0.000839295436393185	-2	0.016195242189299	6.5
0.000839295436393185	-2	0.014900928715714	6.5
0.000839295436393185	-2	0.013268668938645	6.5
0.000839295436393185	-2	0.011317839480849	6.5
0.000839295436393185	-2	0.0129828843397041	6.5
0.000839295436393185	-2	0.00804087745175996	6.5
0.000839295436393185	-2	0.00697486870130193	6.5
0.000839295436393185	-2	0.00745270293124101	6.5
0.000839295436393185	-2	0.00481975338489204	6.5
0.000839295436393185	-2	0.00338806643731504	6.5
0.000839295436393185	-2	0.00265129796915198	6.5
0.000839295436393185	-2	6.43398930969541e-05	6.5
0.000839295436393185	-2	-0.00353534940380296	6.5
0.000839295436393185	-2	-0.00521616994761998	6.5
0.000839295436393185	-2	-0.00662443573379501	6.5
0.000839295436393185	-2	-0.00772370856248306	6.5
0.000839295436393185	-2	-0.010404192888951	6.5
0.000839295436393185	-2	-0.0117958288757269	6.5
0.000839295436393185	-2	-0.0130505073738281	6.5
0.000839295436393185	-2	-0.015056949288125	6.5
0.000839295436393185	-2	-0.017807533119269	6.5
0.000839295436393185	-2	-0.0204322694908641	6.5
0.000839295436393185	-2	-0.022134557819557	6.5
0.000839295436393185	-2	-0.023678510157175	6.5
0.000839295436393185	-2	-0.025545694857975	6.5
0.000839295436393185	-2	-0.0269934451558089	6.5
0.000839295436393185	-2	-0.028160961428539	6.5
0.000839295436393185	-2	-0.030122463476025	6.5
0.000839295436393185	-2	-0.031721772946126	6.5
0.000839295436393185	-2	-0.03366371308852	6.5
0.000839295436393185	-2	-0.035055072385134	6.5
0.000839295436393185	-2	-0.03569262294986	6.5
0.000839295436393185	-2	-0.036903594673704	6.5
0.000839295436393185	-2	-0.037464970285378	6.5
0.000839295436393185	-2	-0.03798415282545	6.5
0.000839295436393185	-2	-0.037484004792953	6.5
0.000839295436393185	-2	-0.036672588973646	6.5
0.000839295436393185	-2	-0.0364136448933443	6.5
0.000839295436393185	-2	-0.034889905213333	6.5
0.000839295436393185	-2	-0.0342157203003796	6.5
0.000839295436393185	-2	-0.0332206062573093	6.5
0.000839295436393185	-2	-0.032479060108838	6.5
0.000839295436393185	-2	-0.0307745916592825	6.5
0.000839295436393185	-2	-0.0295330001498173	6.5
0.000839295436393185	-2	-0.028363772759279	6.5
0.000839295436393185	-2	-0.026324215998999	6.5
0.000839295436393185	-2	-0.024018597638979	6.5
0.000839295436393185	-2	-0.022735265533171	6.5
0.000839295436393185	-2	-0.02167708406843	6.5
0.000839295436393185	-2	-0.020105953213985	6.5
0.000839295436393185	-2	-0.018633790924436	6.5
0.000839295436393185	-2	-0.017117831279719	6.5
0.000839295436393185	-2	-0.01557358236017	6.5
0.000839295436393185	-2	-0.014500294806148	6.5
0.000839295436393185	-2	-0.012905840102675	6.5
0.000839295436393185	-2	-0.011177391361676	6.5
0.000839295436393185	-2	-0.00944971590831301	6.5
0.000839295436393185	-2	-0.00930187785136599	6.5
0.000839295436393185	-2	-0.00901801005103903	6.5
0.000839295436393185	-2	-0.007983600413564	6.5
0.000839295436393185	-2	-0.007930472742536	6.5
0.000839295436393185	-2	-0.007580775302439	6.5
0.000839295436393185	-2	-0.00722045705529001	6.5
0.000839295436393185	-2	-0.00595402030204595	6.5
0.000839295436393185	-2	-0.00611692970717703	6.5
0.000839295436393185	-2	-0.005621402543252	6.5
0.000839295436393185	-2	-0.00488982993996501	6.5
0.000839295436393185	-2	-0.00378185604807402	6.5
0.000839295436393185	-2	-0.00326364195172196	6.5
0.000839295436393185	-2	-0.00297332196637901	6.5
0.000839295436393185	-2	-0.002713123205696	6.5
0.000839295436393185	-2	-0.00205643013794898	6.5
0.000839295436393185	-2	-0.00180470233567803	6.5
0.000839295436393185	-2	-0.00088237006828501	6.5
0.000839295436393185	-2	-0.000256183565299994	6.5
0.000839295436393185	-2	0.000795592053481009	6.5
0.000839295436393185	-2	0.00134885214409602	6.5
0.000839295436393185	-2	0.00282154091627396	6.5
0.000839295436393185	-2	0.00332930134850401	6.5
0.000839295436393185	-2	0.00425399978619201	6.5
0.000839295436393185	-2	0.00500983375198899	6.5
0.000839295436393185	-2	0.00628332558358802	6.5
0.000839295436393185	-2	0.00988800372388998	6.5
0.000839295436393185	-2	0.00950911745276301	6.5
0.000839295436393185	-2	0.010817486907634	6.5
0.000839295436393185	-2	0.011323938508694	6.5
0.000839295436393185	-2	0.016227189818158	6.5
0.000839295436393185	-2	0.014761027618397	6.5
0.000839295436393185	-2	0.016575570182541	6.5
0.000839295436393185	-2	0.017424416541568	6.5
0.000839295436393185	-2	0.019905457083744	6.5
0.000839295436393185	-2	0.021459086081998	6.5
0.000839295436393185	-2	0.022442079349233	6.5
0.000839295436393185	-2	0.032904039853189	6.5
0.000839295436393185	-2	0.026624276880643	6.5
0.000839295436393185	-2	0.027352226814037	6.5
0.000839295436393185	-2	0.028509802276965	6.5
0.000839295436393185	-2	0.0303357080688967	6.5
0.000839295436393185	-2	0.0310004698682373	6.5
0.000839295436393185	-2	0.0428133901076788	6.5
0.000839295436393185	-2	0.0325426318376692	6.5
0.000839295436393185	-2	0.0335896019846724	6.5
0.000839295436393185	-2	0.0458091181993305	6.5
0.000839295436393185	-2	0.0343340400963821	6.5
0.000839295436393185	-2	0.034891804432032	6.5
0.000839295436393185	-2	0.046747787347263	6.5
0.000839295436393185	-2	0.033822150691939	6.5
0.000839295436393185	-2	0.03360939775263	6.5
0.000839295436393185	-2	0.044117811583255	6.5
0.000839295436393185	-2	0.032033295599509	6.5
0.000839295436393185	-2	0.030446312030085	6.5
0.000839295436393185	-2	0.039509034696891	6.5
0.000839295436393185	-2	0.02867354369496	6.5
0.000839295436393185	-2	0.027036525981561	6.5
0.000839295436393185	-2	0.025003875662067	6.5
0.000839295436393185	-2	0.023320914509976	6.5
0.000839295436393185	-2	0.022562573738064	6.5
0.000839295436393185	-2	0.028666855321152	6.5
0.000839295436393185	-2	0.019843811217953	6.5
0.000839295436393185	-2	0.024727351502684	6.5
0.000839295436393185	-2	0.0168818599744009	6.5
0.000839295436393185	-2	0.014308901846286	6.5
0.000839295436393185	-2	0.0175145220518561	6.5
0.000839295436393185	-2	0.0118708638753039	6.5
0.000839295436393185	-2	0.00979908910168603	6.5
0.000839295436393185	-2	0.01009105775672	6.5
0.000839295436393185	-2	0.006175729040935	6.5
0.000839295436393185	-2	0.00525958995739595	6.5
0.000839295436393185	-2	0.00436984108481508	6.5
0.000839295436393185	-2	0.00154019446492992	6.5
0.000839295436393185	-2	0.000869466753890991	6.5
0.000839295436393185	-2	-0.00139720545304201	6.5
0.000839295436393185	-2	-0.00387859889903597	6.5
0.000839295436393185	-2	-0.00495869547942795	6.5
0.000839295436393185	-2	-0.00638143226453902	6.5
0.000839295436393185	-2	-0.00831162790677498	6.5
0.000839295436393185	-2	-0.010751981862947	6.5
0.000839295436393185	-2	-0.012063768620078	6.5
0.000839295436393185	-2	-0.0136116072594911	6.5
0.000839295436393185	-2	-0.015248279659119	6.5
0.000839295436393185	-2	-0.017540515514768	6.5
0.000839295436393185	-2	-0.0193255989021109	6.5
0.000839295436393185	-2	-0.0211534188289271	6.5
0.000839295436393185	-2	-0.023223640169136	6.5
0.000839295436393185	-2	-0.0259192536998709	6.5
0.000839295436393185	-2	-0.027968305790066	6.5
0.000839295436393185	-2	-0.029055885320633	6.5
0.000839295436393185	-2	-0.030381414593926	6.5
0.000839295436393185	-2	-0.032668894036883	6.5
0.000839295436393185	-2	-0.033868740111658	6.5
0.000839295436393185	-2	-0.035153377543913	6.5
0.000839295436393185	-2	-0.036079248526189	6.5
0.000839295436393185	-2	-0.037766060243158	6.5
0.000839295436393185	-2	-0.038053501900606	6.5
0.000839295436393185	-2	-0.037592292300951	6.5
0.000839295436393185	-2	-0.037463342510313	6.5
0.000839295436393185	-2	-0.037674955615786	6.5
0.000839295436393185	-2	-0.0370816555219098	6.5
0.000839295436393185	-2	-0.0352095255369109	6.5
0.000839295436393185	-2	-0.0347091835552798	6.5
0.000839295436393185	-2	-0.0343865608837544	6.5
0.000839295436393185	-2	-0.0326451793725004	6.5
0.000839295436393185	-2	-0.0303096143378221	6.5
0.000839295436393185	-2	-0.0293078329844716	6.5
0.000839295436393185	-2	-0.02775697023686	6.5
0.000839295436393185	-2	-0.025727937133123	6.5
0.000839295436393185	-2	-0.023250146546189	6.5
0.000839295436393185	-2	-0.021958700545006	6.5
0.000839295436393185	-2	-0.020316176327202	6.5
0.000839295436393185	-2	-0.018426383113915	6.5
0.000839295436393185	-2	-0.017035924436179	6.5
0.000839295436393185	-2	-0.015513745871116	6.5
0.000839295436393185	-2	-0.014060029102094	6.5
0.000839295436393185	-2	-0.012844710085704	6.5
0.000839295436393185	-2	-0.012417703087652	6.5
0.000839295436393185	-2	-0.011024574444156	6.5
0.000839295436393185	-2	-0.00971687732610904	6.5
0.000839295436393185	-2	-0.00925555892872398	6.5
0.000839295436393185	-2	-0.008196853374137	6.5
0.000839295436393185	-2	-0.00718779004678699	6.5
0.000839295436393185	-2	-0.00718943349458101	6.5
0.000839295436393185	-2	-0.00756096831655201	6.5
0.000839295436393185	-2	-0.00684525958987298	6.5
0.000839295436393185	-2	-0.00659002614590798	6.5
0.000839295436393185	-2	-0.00583086601473404	6.5
0.000839295436393185	-2	-0.00544412670731897	6.5
0.000839295436393185	-2	-0.00380730567716203	6.5
0.000839295436393185	-2	-0.00409709997864199	6.5
0.000839295436393185	-2	-0.004412213794599	6.5
0.000839295436393185	-2	-0.00383453144089602	6.5
0.000839295436393185	-2	-0.00331324585572296	6.5
0.000839295436393185	-2	-0.00264074659151403	6.5
0.000839295436393185	-2	-0.00241722568548097	6.5
0.000839295436393185	-2	-0.001339224873314	6.5
0.000839295436393185	-2	-0.000660318200799037	6.5
0.000839295436393185	-2	0.000842914118713012	6.5
0.000839295436393185	-2	0.0010368346456	6.5
0.000839295436393185	-2	0.002770251187589	6.5
0.000839295436393185	-2	0.00330965730761801	6.5
0.000839295436393185	-2	0.00510136798242899	6.5
0.000839295436393185	-2	0.006486205580162	6.5
0.000839295436393185	-2	0.00653976828376501	6.5
0.000839295436393185	-2	0.010620539531405	6.5
0.000839295436393185	-2	0.00868642762128696	6.5
0.000839295436393185	-2	0.00972246857373804	6.5
0.000839295436393185	-2	0.010979667537931	6.5
0.000839295436393185	-2	0.012502072727692	6.5
0.000839295436393185	-2	0.019869724424109	6.5
0.000839295436393185	-2	0.016921767368224	6.5
0.000839295436393185	-2	0.017847249058785	6.5
0.000839295436393185	-2	0.01856232419061	6.5
0.000839295436393185	-2	0.027566627307577	6.5
0.000839295436393185	-2	0.022018125471871	6.5
0.000839295436393185	-2	0.023502246116558	6.5
0.000839295436393185	-2	0.034298809006283	6.5
0.000839295436393185	-2	0.027739727863909	6.5
0.000839295436393185	-2	0.028765254737986	6.5
0.000839295436393185	-2	0.0394347682908721	6.5
0.000839295436393185	-2	0.0297889283981369	6.5
0.000839295436393185	-2	0.0316594225711348	6.5
0.000839295436393185	-2	0.0432236461611365	6.5
0.000839295436393185	-2	0.0332241386911351	6.5
0.000839295436393185	-2	0.0343889263256579	6.5
0.000839295436393185	-2	0.0454234430786227	6.5
0.000839295436393185	-2	0.034054036633512	6.5
0.000839295436393185	-2	0.034108886193388	6.5
0.000839295436393185	-2	0.045255155918403	6.5
0.000839295436393185	-2	0.033342539289308	6.5
0.000839295436393185	-2	0.033076360425612	6.5
0.000839295436393185	-2	0.043740541735548	6.5
0.000839295436393185	-2	0.03098260602621	6.5
0.000839295436393185	-2	0.029577845480587	6.5
0.000839295436393185	-2	0.038135247600768	6.5
0.000839295436393185	-2	0.026671457219228	6.5
0.000839295436393185	-2	0.02536829658193	6.5
0.000839295436393185	-2	0.024515624602787	6.5
0.000839295436393185	-2	0.0230778187496731	6.5
0.000839295436393185	-2	0.0211404104608049	6.5
0.000839295436393185	-2	0.025833503149593	6.5
0.000839295436393185	-2	0.0180341912734261	6.5
0.000839295436393185	-2	0.021751843704432	6.5
0.000839295436393185	-2	0.014691040567483	6.5
0.000839295436393185	-2	0.0127790745604499	6.5
0.000839295436393185	-2	0.015661343949524	6.5
0.000839295436393185	-2	0.0100260825656711	6.5
0.000839295436393185	-2	0.00780511426929797	6.5
0.000839295436393185	-2	0.00777007569618404	6.5
0.000839295436393185	-2	0.004839202484341	6.5
0.000839295436393185	-2	0.00256231490280001	6.5
0.000839295436393185	-2	0.000968740025620973	6.5
0.000839295436393185	-2	-6.03589848839903e-05	6.5
0.000839295436393185	-2	-0.00203161884705805	6.5
0.000839295436393185	-2	-0.00419219976535901	6.5
0.000839295436393185	-2	-0.006074276140973	6.5
0.000839295436393185	-2	-0.00718287476034596	6.5
0.000839295436393185	-2	-0.00914854219609207	6.5
0.000839295436393185	-2	-0.0116117475638899	6.5
0.000839295436393185	-2	-0.012801950051214	6.5
0.000839295436393185	-2	-0.013775581030788	6.5
0.000839295436393185	-2	-0.016216226325879	6.5
0.000839295436393185	-2	-0.018492349909414	6.5
0.000839295436393185	-2	-0.020736161221559	6.5
0.000839295436393185	-2	-0.022657763528609	6.5
0.000839295436393185	-2	-0.025050447005718	6.5
0.000839295436393185	-2	-0.0272519460751129	6.5
0.000839295436393185	-2	-0.02876352519575	6.5
0.000839295436393185	-2	-0.029830956494391	6.5
0.000839295436393185	-2	-0.031045754440066	6.5
0.000839295436393185	-2	-0.032192071700785	6.5
0.000839295436393185	-2	-0.033341104886295	6.5
0.000839295436393185	-2	-0.034187719760559	6.5
0.000839295436393185	-2	-0.035365254235544	6.5
0.000839295436393185	-2	-0.036617768102534	6.5
0.000839295436393185	-2	-0.036817935464397	6.5
0.000839295436393185	-2	-0.037004072423118	6.5
0.000839295436393185	-2	-0.037348462994323	6.5
0.000839295436393185	-2	-0.037243839308567	6.5
0.000839295436393185	-2	-0.0365534368727205	6.5
0.000839295436393185	-2	-0.0356706878826213	6.5
0.000839295436393185	-2	-0.0348775413272278	6.5
0.000839295436393185	-2	-0.0334621799894786	6.5
0.000839295436393185	-2	-0.0316422223322759	6.5
0.000839295436393185	-2	-0.0296385837250909	6.5
0.000839295436393185	-2	-0.028653197773416	6.5
0.000839295436393185	-2	-0.027526604215661	6.5
0.000839295436393185	-2	-0.02535679841174	6.5
0.000839295436393185	-2	-0.023457434326974	6.5
0.000839295436393185	-2	-0.021616393932939	6.5
0.000839295436393185	-2	-0.020195201147338	6.5
0.000839295436393185	-2	-0.018673204708246	6.5
0.000839295436393185	-2	-0.016763157941876	6.5
0.000839295436393185	-2	-0.015979327391387	6.5
0.000839295436393185	-2	-0.015417591352704	6.5
0.000839295436393185	-2	-0.014033414145477	6.5
0.000839295436393185	-2	-0.012733332470925	6.5
0.000839295436393185	-2	-0.011268898001217	6.5
0.000839295436393185	-2	-0.010461705366436	6.5
0.000839295436393185	-2	-0.00921704971892201	6.5
0.000839295436393185	-2	-0.00802123744341798	6.5
0.000839295436393185	-2	-0.00740778485986804	6.5
0.000839295436393185	-2	-0.00685801149036797	6.5
0.000839295436393185	-2	-0.00623656609330103	6.5
0.000839295436393185	-2	-0.00568012851358196	6.5
0.000839295436393185	-2	-0.00609489650768502	6.5
0.000839295436393185	-2	-0.00581761496563699	6.5
0.000839295436393185	-2	-0.00582476787714503	6.5
0.000839295436393185	-2	-0.005152687318285	6.5
0.000839295436393185	-2	-0.00455075106192598	6.5
0.000839295436393185	-2	-0.00409397378306398	6.5
0.000839295436393185	-2	-0.00329352495020302	6.5
0.000839295436393185	-2	-0.00312008969983602	6.5
0.000839295436393185	-2	-0.002940779336846	6.5
0.000839295436393185	-2	-0.00128034738352301	6.5
0.000839295436393185	-2	-0.000518010857590956	6.5
0.000839295436393185	-2	4.38022814869821e-05	6.5
0.000839295436393185	-2	0.00125055313265698	6.5
0.000839295436393185	-2	0.00200610335661899	6.5
0.000839295436393185	-2	0.00340446230699204	6.5
0.000839295436393185	-2	0.00412459215412797	6.5
0.000839295436393185	-2	0.005354962232829	6.5
0.000839295436393185	-2	0.00577602644472602	6.5
0.000839295436393185	-2	0.00649272361597297	6.5
0.000839295436393185	-2	0.010509689954565	6.5
0.000839295436393185	-2	0.00856844579532101	6.5
0.000839295436393185	-2	0.00966689648489499	6.5
0.000839295436393185	-2	0.012092299038168	6.5
0.000839295436393185	-2	0.013926046173417	6.5
0.000839295436393185	-2	0.020126873649757	6.5
0.000839295436393185	-2	0.016440604464004	6.5
0.000839295436393185	-2	0.0182869077806579	6.5
0.000839295436393185	-2	0.018925841022059	6.5
0.000839295436393185	-2	0.028222052798546	6.5
0.000839295436393185	-2	0.022727556521307	6.5
0.000839295436393185	-2	0.024346662399785	6.5
0.000839295436393185	-2	0.034508230220514	6.5
0.000839295436393185	-2	0.026933803703197	6.5
0.000839295436393185	-2	0.028292613304531	6.5
0.000839295436393185	-2	0.04103071854352	6.5
0.000839295436393185	-2	0.0317788344579157	6.5
0.000839295436393185	-2	0.032069361116368	6.5
0.000839295436393185	-2	0.0440308585223027	6.5
0.000839295436393185	-2	0.0335836020391554	6.5
0.000839295436393185	-2	0.0344893678631162	6.5
0.000839295436393185	-2	0.046172781155925	6.5
0.000839295436393185	-2	0.035128525917035	6.5
0.000839295436393185	-2	0.034573547449331	6.5
0.000839295436393185	-2	0.045302402610972	6.5
0.000839295436393185	-2	0.03365693539705	6.5
0.000839295436393185	-2	0.032013995225597	6.5
0.000839295436393185	-2	0.041166454259616	6.5
0.000839295436393185	-2	0.030308097341571	6.5
0.000839295436393185	-2	0.029985003189756	6.5
0.000839295436393185	-2	0.037816883748639	6.5
0.000839295436393185	-2	0.026474229018249	6.5
